12 3
4 17
17 1
11 15
8 7
13 5
7 2
6 14
2 5
5 16
9 13
11 10
4 6
3 9
10 11
2 13
12 8
2 4
17 4
16 1
13 5
18 8
10 7
13 12
1 12
18 16
3 17
1 15
13 15
14 12
7 9
6 5
17 11
17 14
15 14
7 6
1 3
16 14
15 14
3 10
2 6
1 7
18 8
11 16
12 16
7 14
11 14
11 7
15 7
17 14
16 15
16 13
4 16
1 3
6 18
5 16
10 12
11 1
6 9
18 4
12 8
13 11
2 9
16 7
7 12
16 18
15 17
8 10
3 16
8 14
1 14
8 12
16 9
11 4
9 14
6 4
17 12
16 6
18 3
7 17
5 14
4 11
2 17
7 9
12 9
6 14
15 18
18 16
6 9
5 6
11 4
18 10
18 7
12 18
16 12
1 7
5 13
8 15
11 1
3 5
14 5
8 4
5 14
8 12
17 13
10 15
3 7
15 10
12 7
12 17
11 17
12 16
7 14
13 16
3 15
17 7
6 17
10 8
17 10
3 17
10 16
13 6
14 15
7 6
3 5
14 4
4 8
9 5
11 17
11 1
11 6
12 3
11 9
14 3
2 5
13 7
17 7
6 13
8 13
1 2
1 13
17 8
13 1
14 12
15 3
8 3
17 14
16 9
6 4
12 1
13 9
2 5
10 7
12 13
4 11
13 14
7 5
13 1
4 3
6 1
3 14
10 16
1 17
11 5
5 8
5 14
3 14
12 13
16 17
7 5
3 2
17 15
2 10
9 18
8 6
14 10
9 6
15 3
17 8
14 7
4 8
15 7
9 5
9 8
10 6
16 8
18 11
14 11
6 13
10 6
11 10
17 4
7 8
12 4
6 12
8 5
13 17
1 5
15 10
8 3
12 10
3 11
12 13
5 11
15 12
12 2
16 11
7 3
15 7
9 5
18 5
8 5
3 16
17 7
8 6
13 15
11 5
9 5
6 3
13 12
14 11
9 8
18 9
9 2
14 15
8 2
6 16
11 6
6 8
17 18
18 9
1 4
3 7
16 15
6 1
17 2
16 3
8 10
1 15
15 16
8 15
5 13
12 14
14 6
4 8
3 12
1 9
5 12
6 5
9 11
2 4
10 13
16 14
17 9
9 5
7 1
13 4
12 11
6 3
5 8
16 1
12 11
8 12
10 14
1 12
4 13
5 15
18 14
8 7
6 13
15 9
12 16
10 15
18 4
18 4
14 13
7 8
11 1
6 3
1 18
8 13
7 3
11 15
13 2
16 4
4 2
10 16
12 8
7 10
3 5
6 3
6 5
8 12
5 6
5 12
10 1
8 14
1 5
17 6
9 3
13 12
6 14
5 8
10 3
18 11
12 4
17 1
4 10
5 9
5 11
18 10
6 9
4 3
8 4
9 15
14 18
17 9
5 17
6 13
16 18
13 17
1 8
11 8
5 3
15 6
3 16
7 2
8 3
11 13
16 15
9 7
2 16
1 15
5 13
18 14
3 18
3 14
7 1
6 8
2 11
7 2
4 9
4 18
2 8
4 14
5 13
8 12
5 6
18 12
5 11
13 12
7 13
9 16
1 10
9 16
15 16
4 9
1 16
8 5
7 9
11 10
12 17
11 2
1 11
2 18
5 6
18 5
14 13
9 17
17 12
11 14
17 12
8 1
13 16
16 10
16 8
11 6
7 18
8 3
5 10
2 5
3 14
8 14
2 3
14 3
17 4
3 12
14 3
14 15
7 9
11 13
15 16
15 17
13 14
15 13
10 7
7 13
12 17
15 10
10 12
7 5
3 10
5 4
16 8
14 11
12 11
8 5
16 12
5 7
12 4
12 14
9 4
9 3
12 7
1 12
1 6
7 15
6 9
11 16
18 9
4 15
14 7
8 17
11 8
1 14
4 15
10 15
13 9
4 10
3 4
5 2
13 15
2 16
2 4
17 8
1 2
12 15
5 10
12 9
17 3
15 16
6 8
6 11
1 8
4 15
12 7
14 6
1 16
1 10
2 7
14 3
7 13
15 6
2 11
9 7
6 11
13 16
4 12
13 6
14 17
15 9
18 4
5 17
9 11
18 1
9 15
1 11
11 13
18 15
1 15
3 10
4 14
3 15
9 6
7 12
17 7
17 13
2 8
9 8
2 13
4 7
15 13
9 4
11 4
7 2
1 11
3 10
10 1
9 14
16 5
12 3
9 10
5 13
9 5
11 6
5 6
7 1
15 6
3 4
11 14
