16 12 7 3
6 1 10 7
5 13 9 7
6 14 13 18
3 1 17 8
13 17 8 11
10 15 18 13
10 16 18 8
1 14 4 17
14 7 12 17
18 5 10 14
17 1 11 12
8 17 15 13
16 1 8 3
7 9 10 4
5 3 7 4
12 2 18 1
5 12 18 3
13 18 3 4
16 3 8 18
11 17 1 7
9 16 15 8
6 12 16 1
14 15 8 3
5 12 15 8
5 11 13 1
18 1 16 4
4 10 15 1
8 3 5 13
18 2 9 3
1 6 11 2
18 8 1 7
1 18 3 13
6 17 16 7
2 14 11 7
8 2 18 12
14 1 11 13
3 1 7 12
18 6 9 12
14 17 9 3
12 17 7 18
3 7 10 17
1 2 7 8
16 11 1 7
10 16 13 18
18 16 5 3
12 4 18 17
18 15 17 3
6 1 2 8
11 8 7 10
9 14 10 17
17 4 10 13
13 4 18 10
3 11 14 12
16 9 13 3
8 5 10 14
10 13 15 3
15 6 4 8
9 13 6 15
3 9 8 7
16 6 12 17
16 10 15 7
1 10 13 7
14 18 2 10
6 16 7 3
18 12 13 2
2 16 4 13
6 2 15 1
11 3 4 10
15 11 16 10
13 3 2 4
11 17 16 12
18 13 5 14
16 8 18 9
14 18 12 13
17 9 13 1
18 17 11 13
7 2 8 3
11 13 16 18
15 10 3 5
7 16 2 9
15 14 7 17
4 15 13 16
15 14 6 2
12 5 13 4
6 16 11 14
10 2 5 16
11 14 7 1
11 13 5 6
18 3 11 10
13 8 17 5
14 18 2 16
18 8 6 2
5 8 1 10
1 7 16 3
11 16 10 12
14 13 11 12
13 18 16 4
1 6 17 3
16 17 18 6
12 5 6 17
18 16 11 5
3 10 8 15
3 1 2 4
11 8 10 12
15 9 18 10
12 5 9 10
10 14 13 8
3 10 18 13
3 12 14 6
14 18 1 17
14 6 2 3
11 6 14 4
4 11 12 6
7 5 15 2
14 1 12 13
1 13 6 11
1 7 17 2
8 18 6 13
7 5 6 11
2 12 4 17
6 13 10 9
17 10 5 14
1 14 6 5
3 4 12 10
9 15 12 8
17 14 7 12
1 10 5 4
12 2 8 14
9 7 3 11
6 2 12 17
18 2 14 9
18 12 5 4
4 1 8 15
15 2 18 13
1 9 5 6
2 4 14 15
18 3 15 9
10 11 1 3
6 11 2 15
17 18 2 9
14 6 17 10
2 4 7 17
18 8 16 1
1 9 2 12
3 18 14 1
6 14 8 15
14 5 4 15
12 11 17 2
9 17 15 4
6 2 8 18
4 18 6 2
2 5 10 17
17 14 2 6
4 8 17 3
1 4 5 12
7 15 3 9
8 4 13 6
11 16 7 6
7 4 1 17
6 4 9 18
12 16 5 4
16 12 15 4
10 4 2 16
3 2 11 8
13 15 11 9
17 5 8 15
3 18 15 8
4 10 9 14
13 10 8 2
12 3 8 17
3 8 5 11
5 17 13 16
16 1 17 5
2 17 10 15
16 15 4 11
9 18 10 16
2 12 17 18
1 3 15 13
16 1 2 9
2 13 12 16
12 9 8 1
4 6 9 12
8 12 9 17
17 8 6 14
4 14 5 9
7 5 17 15
12 2 15 14
17 13 11 9
8 15 2 5
3 13 2 18
9 1 16 2
2 6 18 15
8 5 6 3
6 5 3 1
15 10 17 11
2 9 7 16
10 11 13 16
2 15 16 14
1 5 8 2
7 16 6 5
17 5 10 13
7 4 16 13
1 5 17 18
4 7 16 9
7 17 15 5
10 5 8 17
4 14 18 11
10 8 13 9
4 13 5 7
17 9 18 13
13 8 7 6
2 8 13 11
6 2 3 12
15 12 1 17
13 8 17 11
13 14 11 6
17 4 9 15
10 6 5 2
7 18 17 10
15 1 14 8
16 12 15 5
13 15 11 6
9 11 18 6
18 8 15 12
15 2 10 17
17 14 12 8
14 17 2 4
10 9 1 11
15 11 18 1
3 16 17 15
12 13 9 1
3 7 14 5
2 9 12 4
2 5 1 18
18 9 7 2
11 4 17 1
9 2 4 13
4 16 10 2
6 1 2 8
17 5 8 11
16 10 14 7
14 17 6 1
15 6 12 1
18 6 15 9
17 6 11 18
1 7 18 2
1 18 13 7
7 13 14 17
2 17 4 11
12 11 1 18
16 9 15 10
10 4 12 17
8 11 5 18
16 13 14 8
18 13 5 7
5 2 8 7
18 16 14 12
11 14 17 16
17 6 10 4
11 5 10 6
13 6 2 8
13 4 18 5
11 10 4 18
17 8 9 6
4 12 16 17
7 18 9 10
1 3 18 10
4 14 10 5
1 18 9 7
13 4 5 10
15 11 7 8
4 6 16 10
6 12 9 11
5 8 7 13
14 10 11 1
12 16 14 18
4 17 12 6
3 18 14 9
11 9 3 18
16 8 9 10
14 17 2 7
14 7 13 1
11 18 3 6
15 10 1 12
14 6 13 11
18 2 14 1
1 10 6 4
1 18 15 13
13 18 9 5
2 15 6 16
7 14 17 6
15 13 3 2
11 7 6 15
16 3 7 15
11 17 8 15
1 3 13 6
8 12 18 9
16 10 13 9
7 15 16 5
2 11 1 8
8 2 12 14
6 8 3 7
14 4 6 9
8 16 14 10
2 12 10 3
18 8 3 9
17 10 18 16
13 8 12 14
14 13 8 16
3 15 17 18
1 10 12 8
1 14 13 10
15 9 6 12
14 13 6 18
17 5 18 10
15 4 8 2
17 2 12 7
9 1 17 8
10 12 11 16
13 11 10 5
7 8 11 3
17 11 4 12
9 14 15 2
4 7 15 3
16 5 1 8
3 13 1 8
18 13 15 11
6 4 17 10
7 12 11 1
12 9 11 3
17 2 14 13
17 8 14 6
3 15 2 1
3 18 14 15
13 10 7 9
4 15 1 9
2 8 13 12
14 18 11 16
8 9 15 11
9 11 1 6
9 14 2 10
10 4 13 15
5 18 15 8
16 11 9 17
8 15 3 4
12 18 8 7
4 11 2 13
2 6 15 16
6 11 1 15
9 10 12 7
7 6 13 9
10 7 6 9
18 3 1 10
2 8 5 9
10 7 6 16
18 11 12 17
7 3 1 10
4 16 3 6
1 13 11 17
17 13 3 5
15 2 12 17
2 8 6 1
6 14 10 17
12 2 6 1
16 1 15 8
18 9 13 12
18 9 7 3
4 2 7 8
17 12 3 10
11 17 12 15
12 8 6 3
1 7 5 12
15 17 6 16
8 13 17 2
18 16 12 4
10 5 3 4
2 3 10 17
15 10 17 4
13 5 10 18
1 7 8 13
8 9 2 1
6 1 18 10
12 14 4 1
4 18 16 9
1 10 8 11
13 18 2 10
17 14 15 5
11 17 12 9
3 15 17 5
15 8 5 12
10 4 14 7
11 6 10 7
11 9 17 2
1 18 8 9
17 9 18 6
16 9 14 3
10 6 15 16
10 3 1 17
7 13 6 18
