5 2 15 8 1
16 14 5 13 3
8 1 14 3 18
7 4 17 1 10
6 7 13 3 4
17 3 9 13 7
4 16 2 9 8
12 8 1 14 4
18 4 1 10 7
8 2 5 11 7
10 17 5 12 14
18 13 2 17 8
17 7 2 6 18
18 7 3 17 11
3 6 15 7 18
17 6 7 12 2
7 18 15 10 5
2 11 10 4 18
7 11 17 2 13
9 8 14 7 6
14 15 7 2 18
14 15 1 2 17
8 9 10 15 5
15 7 3 1 13
18 12 4 11 17
17 1 10 18 7
7 5 9 16 18
5 9 13 11 4
4 3 18 1 10
2 8 9 7 4
18 2 3 5 16
11 2 7 17 5
16 8 4 1 11
8 14 1 10 18
10 7 4 14 18
17 1 16 9 6
16 15 7 18 2
6 3 15 8 13
7 1 9 11 6
8 7 1 10 11
13 8 17 7 4
2 5 16 11 18
1 14 18 5 4
4 9 10 14 3
13 10 5 9 1
6 5 1 13 17
5 13 15 3 1
13 6 8 2 5
5 12 8 18 11
12 18 11 13 2
6 5 4 15 7
10 6 1 4 2
10 3 15 9 7
18 6 13 8 17
11 16 18 7 1
14 1 17 9 12
14 2 8 9 16
13 15 17 16 7
11 1 15 17 3
18 1 16 14 6
12 1 9 15 18
8 13 17 6 15
2 3 14 11 6
15 18 10 1 5
11 17 10 9 7
5 11 2 7 18
6 2 3 7 17
10 8 11 5 15
2 14 8 18 11
1 17 8 5 2
4 2 17 11 8
4 16 8 9 5
3 14 6 1 8
5 16 17 10 8
8 16 9 15 4
18 7 6 8 10
8 2 1 9 11
12 2 6 14 5
3 8 14 4 6
4 16 1 10 3
18 7 16 8 14
3 7 4 6 13
13 4 15 18 16
6 3 8 16 15
3 13 9 2 16
16 15 1 3 13
16 15 14 10 3
2 9 13 10 1
11 15 18 2 5
4 17 3 7 2
1 7 16 12 6
14 5 10 3 1
10 7 13 16 5
11 17 12 3 4
6 9 2 13 15
12 15 7 16 3
13 2 11 8 16
6 12 7 14 4
11 17 14 5 2
18 4 11 10 16
15 11 4 3 16
10 4 8 2 18
12 16 10 11 4
2 16 13 6 14
3 11 2 15 16
5 11 6 2 8
17 15 11 9 12
4 15 1 2 8
6 16 18 14 17
16 13 14 17 10
13 6 9 16 7
7 2 14 18 15
18 9 16 17 10
14 17 8 11 1
13 9 2 10 15
14 11 1 9 17
2 16 11 10 18
15 6 10 5 8
15 4 16 17 11
2 7 14 17 18
15 7 17 11 5
14 3 2 16 13
14 3 9 17 8
1 8 12 16 4
15 7 2 4 17
11 5 15 18 17
17 11 15 4 2
4 9 13 3 14
16 8 11 10 5
10 16 17 2 6
15 12 4 13 14
7 14 2 3 9
9 12 13 18 15
5 15 11 4 12
12 11 9 18 5
9 17 2 4 13
10 9 7 8 18
1 18 3 12 9
6 3 9 4 12
5 7 2 4 9
17 14 4 11 12
9 6 3 14 5
6 2 10 9 3
9 2 11 13 7
16 10 12 5 14
1 6 7 9 10
1 7 3 9 18
14 9 13 15 1
8 12 18 10 7
5 4 17 10 18
17 14 11 2 18
7 1 13 9 10
10 7 16 18 12
12 11 16 4 6
16 14 10 12 4
9 3 18 16 14
6 18 1 5 17
7 9 11 17 6
2 17 18 5 4
12 18 17 7 1
9 18 8 2 16
1 10 13 17 12
15 12 1 13 4
7 9 18 14 2
9 15 4 1 8
15 14 17 16 10
11 6 15 14 5
10 9 15 5 4
7 9 15 8 1
7 12 14 17 15
5 9 8 2 17
1 4 14 3 9
16 13 4 9 5
4 18 12 17 1
13 11 8 1 18
3 5 14 1 13
3 14 15 17 12
8 16 6 17 2
17 6 3 14 12
7 5 16 6 1
12 7 2 10 18
16 10 13 8 15
15 13 7 11 14
18 15 3 1 12
8 11 5 15 9
5 6 7 13 9
10 16 17 3 9
12 18 11 10 4
16 7 11 6 15
10 12 13 5 2
18 4 17 9 7
13 1 8 5 17
11 6 3 10 16
9 10 8 18 6
15 1 6 7 9
18 5 17 4 11
18 10 5 14 4
17 16 12 6 1
8 17 5 9 7
10 8 16 5 11
1 14 7 8 12
10 2 4 18 9
10 4 16 17 11
14 15 3 5 10
2 17 8 16 4
13 4 17 15 8
14 16 11 4 9
15 18 7 6 8
9 6 4 7 11
1 7 16 4 11
12 17 10 2 14
10 16 4 7 6
15 7 8 14 5
14 12 1 6 17
3 11 12 9 13
16 5 6 12 10
15 1 6 7 3
11 15 17 10 14
8 5 16 18 15
2 15 18 6 11
1 18 13 14 5
6 4 17 2 13
13 12 14 6 11
18 12 15 5 10
16 12 5 8 10
5 10 11 17 6
3 12 11 16 6
2 12 13 14 15
6 14 12 17 4
18 9 11 17 13
16 6 13 11 3
17 9 11 2 7
7 4 9 1 5
7 15 8 6 14
1 10 7 11 17
15 4 2 8 11
15 2 3 1 11
15 6 10 3 4
1 7 15 2 10
15 7 16 18 1
12 2 14 1 13
7 3 6 10 5
8 7 17 3 1
14 11 15 1 16
13 16 4 9 1
13 8 4 5 15
11 15 16 5 14
7 1 12 6 3
4 3 11 7 1
15 6 2 14 3
16 15 2 3 7
2 9 5 10 18
1 17 12 9 18
7 2 15 12 4
13 17 1 2 15
3 18 1 7 13
12 2 17 11 6
17 13 3 16 15
13 10 6 3 17
5 2 10 8 9
1 17 10 14 4
1 12 14 9 6
12 2 10 11 16
8 17 1 9 18
7 14 10 5 15
18 6 1 16 12
12 1 7 15 4
10 9 6 11 3
5 2 6 15 4
14 4 7 2 18
6 17 10 15 12
15 12 17 5 18
17 4 12 16 6
16 9 14 12 8
5 4 11 16 17
9 18 15 10 17
10 4 16 11 17
12 5 7 6 3
15 10 6 17 16
13 8 6 4 18
17 2 16 10 4
15 3 9 10 17
13 16 4 12 11
18 12 8 15 4
18 11 8 5 16
1 9 15 3 16
10 1 11 16 2
13 8 6 1 12
7 6 10 8 9
17 7 4 13 2
2 12 13 17 15
17 11 3 14 1
8 5 4 10 11
12 14 4 9 6
17 18 13 9 7
10 15 2 5 6
18 1 6 16 3
9 5 12 8 13
14 8 5 1 9
16 14 11 9 17
18 8 3 6 7
17 12 1 8 14
14 4 8 9 10
18 14 10 6 17
11 2 16 12 4
10 14 7 1 17
8 9 12 18 5
13 9 10 7 16
7 13 17 4 9
17 4 3 6 8
1 4 3 15 13
2 3 4 11 1
17 4 10 13 18
11 4 14 18 1
3 2 1 15 6
5 1 3 17 14
7 5 6 8 2
11 2 5 17 1
14 6 8 2 3
16 18 15 1 9
3 5 12 6 8
2 1 8 17 9
1 12 13 4 2
17 15 18 3 16
4 13 8 9 5
15 4 17 2 12
4 14 12 1 9
6 2 11 5 15
7 1 12 4 16
8 4 1 9 6
9 3 16 5 15
11 17 2 7 5
18 1 17 9 6
1 15 9 4 14
16 4 3 11 14
1 15 9 2 14
5 11 3 13 14
6 10 18 12 11
14 17 12 4 15
8 15 11 14 12
1 15 8 5 11
14 18 4 16 2
10 1 2 6 11
6 15 1 2 10
18 4 17 2 3
18 15 11 2 9
12 11 1 2 3
17 10 5 8 18
17 4 14 12 5
5 13 1 9 12
17 13 15 4 1
11 6 2 16 14
6 17 1 10 3
18 12 15 8 17
17 11 18 8 16
9 10 18 2 13
10 15 5 3 8
3 13 11 6 5
3 11 17 4 7
3 14 7 16 15
15 17 12 2 1
9 16 8 5 1
12 5 2 10 14
13 6 1 16 2
5 7 13 2 18
18 6 10 15 13
10 6 16 11 5
16 2 1 18 6
3 5 1 7 9
12 10 5 13 15
6 13 18 1 15
1 15 12 8 9
11 13 1 4 16
15 13 2 11 6
12 3 5 15 16
11 16 15 6 5
6 9 13 18 16
17 7 2 12 14
5 13 14 10 2
10 16 14 6 11
10 15 14 3 4
13 10 11 4 14
12 3 16 18 4
1 2 11 7 4
9 3 14 13 7
8 10 5 7 6
11 18 8 14 3
7 16 9 11 15
8 18 9 2 6
5 9 8 16 11
2 18 5 10 4
15 13 16 10 8
1 6 3 11 18
2 18 11 16 12
17 11 3 16 4
15 5 13 11 9
7 3 11 14 5
1 14 6 4 7
11 7 14 2 17
2 13 11 10 5
