6 1 9
16 2 13
17 13 16
12 11 15
13 4 15
15 1 17
17 5 7
13 3 14
9 2 16
1 17 11
17 2 14
10 15 8
12 5 14
14 4 18
18 13 10
9 17 16
12 16 10
5 8 9
17 13 12
6 14 4
14 8 13
12 9 2
11 13 18
17 16 2
5 1 2
6 16 10
17 9 13
9 12 16
17 7 10
14 12 5
7 10 14
17 13 4
6 10 8
4 14 15
6 2 3
12 1 15
7 14 4
12 10 2
14 10 5
13 16 3
3 7 18
3 9 12
13 16 9
18 15 5
3 2 6
18 9 2
10 13 3
16 12 3
7 5 16
10 7 11
4 13 11
14 5 2
18 5 13
4 11 2
16 15 5
3 13 9
11 7 18
18 11 16
12 8 11
6 8 16
9 3 5
3 2 9
14 13 1
11 13 12
2 10 15
15 18 12
3 1 16
7 3 6
10 4 9
8 18 10
2 3 18
1 2 6
3 16 15
7 16 11
13 15 6
2 11 18
2 16 18
8 4 6
14 8 12
4 15 12
10 6 1
3 8 2
17 8 5
9 7 6
14 10 13
14 12 5
18 4 14
4 1 2
13 7 18
11 5 4
7 12 3
5 15 10
7 15 16
15 7 12
11 10 5
1 11 16
10 14 12
14 5 10
1 2 6
15 7 6
5 14 9
15 16 2
10 1 4
7 14 10
5 13 15
13 15 11
13 11 10
16 7 13
1 11 15
6 10 12
4 5 17
9 3 16
10 13 4
16 1 9
8 5 1
16 7 11
4 5 12
11 9 14
17 12 8
13 1 14
9 2 14
13 8 10
13 1 8
9 11 5
13 16 7
9 4 10
2 15 5
8 13 15
18 5 9
2 18 12
14 1 2
4 8 16
12 5 18
17 10 13
7 11 4
15 18 6
5 10 2
3 10 16
6 18 9
8 15 9
10 16 9
2 5 9
15 3 8
13 17 14
7 6 15
2 18 15
4 15 11
11 2 5
17 3 7
14 7 3
13 6 17
18 13 9
13 7 12
3 13 2
3 17 15
2 10 1
7 3 9
14 2 7
8 15 5
17 18 10
18 11 17
18 6 13
14 5 8
11 18 12
2 7 16
8 16 2
11 13 8
3 4 1
9 6 8
14 9 7
13 10 12
3 17 6
12 2 10
4 6 9
11 16 3
11 5 10
15 9 5
2 9 8
7 5 9
17 5 1
15 1 10
18 10 12
3 6 12
16 7 5
18 3 16
12 11 3
3 13 17
4 13 5
5 16 15
9 6 7
4 18 14
7 11 8
2 16 5
13 5 15
4 8 13
7 9 5
18 8 12
13 16 18
16 5 8
15 11 16
18 16 2
18 17 5
13 11 10
10 14 1
16 10 11
16 1 5
18 10 4
14 5 16
16 9 2
17 16 14
12 1 4
3 12 7
10 3 15
12 8 17
2 11 12
6 2 1
17 2 3
14 2 13
1 16 8
16 17 14
18 2 16
16 18 2
10 1 7
5 4 3
16 3 10
2 13 8
2 3 11
3 8 10
11 17 10
13 9 3
10 16 6
5 3 4
18 13 10
4 2 17
10 9 13
3 12 14
15 16 6
9 10 15
1 17 13
12 4 18
12 18 1
9 1 2
6 10 13
8 7 10
7 11 3
13 18 1
12 5 9
12 6 5
14 15 3
16 2 14
2 3 17
5 17 13
8 14 9
11 18 13
17 12 7
18 6 15
11 16 1
1 12 15
13 9 10
3 1 18
8 13 16
2 12 18
16 1 17
6 9 11
8 15 2
7 8 17
4 12 5
6 1 17
3 18 4
10 17 1
5 6 4
2 13 18
14 2 4
11 12 9
1 16 11
3 6 8
3 4 10
12 6 8
13 7 3
16 12 17
16 7 9
18 6 7
14 10 9
16 4 15
9 2 10
6 13 2
10 9 14
18 8 15
5 12 10
15 5 17
8 12 5
18 7 17
18 7 12
1 16 8
17 16 10
2 5 10
4 9 18
13 1 14
7 13 18
12 1 5
8 2 17
3 14 15
17 4 15
11 2 7
6 7 12
16 3 10
17 15 12
14 4 5
15 2 18
7 17 18
15 13 1
17 4 18
11 15 7
18 7 1
10 11 6
5 6 7
4 8 5
3 9 4
11 12 15
11 15 2
1 5 8
14 1 18
17 1 2
12 7 18
13 2 6
13 18 5
13 8 4
13 8 15
1 10 5
16 6 13
16 14 13
7 3 10
13 14 11
18 14 2
4 12 10
5 16 2
4 7 11
16 10 14
11 14 1
8 1 2
15 18 8
13 4 9
13 16 6
12 5 1
18 3 2
5 3 6
13 5 17
3 17 16
18 5 3
4 14 18
2 10 11
2 15 14
8 11 5
16 9 4
15 16 18
18 7 12
6 14 10
6 10 14
13 1 17
17 8 14
9 3 11
8 15 9
5 16 6
12 3 1
10 7 16
14 6 7
16 17 14
7 8 3
14 10 6
8 4 3
2 13 17
4 18 14
9 16 13
5 14 8
16 14 17
7 18 2
15 1 16
17 12 10
14 9 15
15 17 10
2 7 15
3 7 6
14 1 10
15 18 17
2 1 7
12 3 6
17 4 14
10 16 12
9 14 6
13 8 17
6 9 12
3 11 2
3 12 6
14 17 8
2 18 9
12 15 1
2 13 6
6 1 5
7 6 10
9 16 3
